51.98839
52.11498
52.31687
52.42039
52.96389
53.07279
53.09498
53.1536
53.15832
53.26815
53.32186
53.40469
53.4231
53.4562
53.53785
53.56678
53.63147
53.64419
53.67892
53.68374
53.71286
53.76583
53.7993
53.83399
53.86479
53.87455
53.87951
53.88175
53.89408
53.91688
53.93129
53.93946
53.94966
53.99181
54.01294
54.01342
54.01908
54.05422
54.08014
54.10596
54.11952
54.16064
54.18163
54.24124
54.24803
54.26382
54.29776
54.3108
54.32027
54.32042
54.3394
54.35499
54.36728
54.38831
54.39036
54.39262
54.40611
54.42507
54.42702
54.44646
54.48632
54.50146
54.52276
54.5238
54.52599
54.53025
54.53333
54.56047
54.58686
54.58793
54.62806
54.63473
54.6409
54.68724
54.6889
54.71059
54.71152
54.7388
54.78521
54.78778
54.79995
54.8097
54.81207
54.81389
54.81716
54.81779
54.82493
54.82547
54.84221
54.8494
54.85428
54.85908
54.86862
54.87964
54.88279
54.88378
54.9077
54.92027
54.92488
54.92869
54.94466
54.97355
54.98439
54.98453
55.01409
55.0274
55.04907
55.05952
55.06199
55.08171
55.10301
55.10383
55.11274
55.12496
55.12528
55.1512
55.15145
55.15223
55.16512
55.17106
55.17818
55.18322
55.18495
55.18582
55.18621
55.18628
55.18711
55.19073
55.19431
55.21242
55.21724
55.218
55.30354
55.30547
55.311
55.32569
55.37284
55.37335
55.37712
55.38039
55.38675
55.39853
55.4115
55.41345
55.4258
55.44198
55.4498
55.45414
55.45688
55.45951
55.48934
55.49434
55.4975
55.51371
55.51906
55.51966
55.54851
55.58232
55.5878
55.60718
55.621
55.63252
55.63308
55.64476
55.64688
55.64911
55.66363
55.67576
55.69436
55.69811
55.7002
55.70238
55.70783
55.71267
55.72551
55.75042
55.75959
55.76081
55.76152
55.76459
55.77279
55.78252
55.78401
55.80133
55.81716
55.85707
55.87227
55.87552
55.88457
55.89305
55.90371
55.9145
55.91966
55.92107
55.92525
55.93823
55.94766
55.95398
55.96028
55.98053
55.98826
56.00615
56.02049
56.02474
56.03531
56.04223
56.04847
56.08342
56.09056
56.09579
56.10105
56.11513
56.11706
56.12232
56.15231
56.15244
56.16274
56.17179
56.17288
56.17823
56.1808
56.21412
56.21865
56.24285
56.26071
56.27379
56.28709
56.28908
56.2908
56.29575
56.32157
56.32402
56.32676
56.33974
56.34121
56.34369
56.35466
56.3645
56.38205
56.39503
56.39646
56.40636
56.41568
56.4181
56.42571
56.44005
56.44296
56.44882
56.45028
56.47372
56.47663
56.47689
56.48156
56.48735
56.49593
56.50801
56.51314
56.51469
56.52398
56.52882
56.52925
56.53846
56.54691
56.5695
56.57679
56.58308
56.58707
56.60006
56.60436
56.60865
56.62988
56.64148
56.65298
56.6674
56.71889
56.72096
56.72385
56.7255
56.7289
56.73502
56.73757
56.74275
56.74609
56.76879
56.77205
56.77607
56.78796
56.79284
56.80263
56.80377
56.80919
56.81331
56.81655
56.81956
56.83815
56.85198
56.89972
56.90363
56.92825
56.93007
56.93084
56.93294
56.94535
56.94986
56.96062
56.96327
56.9658
56.97665
56.98057
57.00065
57.00761
57.02611
57.02982
57.03495
57.05493
57.05516
57.06885
57.09542
57.11443
57.11566
57.12003
57.13207
57.15654
57.16335
57.18277
57.18331
57.18481
57.18834
57.20202
57.20659
57.22358
57.22507
57.2298
57.25105
57.26236
57.26956
57.273
57.2814
57.30058
57.30441
57.30593
57.32035
57.32054
57.35689
57.35866
57.37183
57.39355
57.4019
57.40646
57.40968
57.44014
57.44747
57.45693
57.46579
57.47419
57.48458
57.48569
57.49855
57.50681
57.5341
57.53691
57.53785
57.5482
57.54824
57.54914
57.5541
57.55696
57.55891
57.56777
57.57962
57.58383
57.58864
57.59061
57.60714
57.61793
57.62014
57.6306
57.6321
57.64663
57.64722
57.65188
57.65206
57.65782
57.65859
57.67384
57.68782
57.69233
57.69364
57.69517
57.70149
57.70393
57.70868
57.71247
57.71494
57.71614
57.73378
57.73496
57.75982
57.76456
57.76703
57.77964
57.79252
57.79756
57.8022
57.86371
57.86707
57.87268
57.88423
57.88882
57.89057
57.89128
57.9112
57.91624
57.93821
57.94169
57.94553
57.94742
57.9544
57.95703
57.96133
57.97828
57.98225
57.98756
57.98795
57.99717
58.00501
58.02241
58.04082
58.04145
58.06265
58.06523
58.07351
58.07447
58.07848
58.1012
58.11158
58.11406
58.1209
58.12285
58.15456
58.1617
58.17223
58.17709
58.18516
58.18553
58.19071
58.1998
58.20742
58.20935
58.21781
58.22164
58.2229
58.22532
58.24774
58.24868
58.25894
58.26505
58.26805
58.26841
58.27049
58.27268
58.27485
58.28661
58.29439
58.29662
58.29706
58.30036
58.30229
58.30439
58.30512
58.31969
58.32475
58.32572
58.3301
58.34709
58.34728
58.35154
58.35363
58.38192
58.38251
58.38734
58.38959
58.39221
58.40205
58.40228
58.40397
58.40403
58.41095
58.41333
58.42626
58.44267
58.4603
58.46615
58.46652
58.46768
58.47751
58.47915
58.48417
58.50362
58.51815
58.5262
58.53022
58.53337
58.53505
58.54767
58.54912
58.58028
58.58129
58.58723
58.5886
58.60171
58.60528
58.60957
58.61437
58.62455
58.63231
58.63732
58.64985
58.66237
58.67568
58.68107
58.69157
58.69334
58.69972
58.70085
58.70486
58.71864
58.7221
58.73424
58.73565
58.74726
58.74949
58.75091
58.75104
58.77276
58.78117
58.78841
58.79616
58.80131
58.81507
58.84238
58.85749
58.85804
58.85996
58.8601
58.86202
58.87704
58.88277
58.88502
58.88577
58.89818
58.89825
58.9022
58.90789
58.91492
58.94196
58.94299
58.94799
58.94928
58.95721
58.96042
58.96235
58.96884
58.9695
58.97014
58.97861
58.98003
58.99435
58.99865
59.00049
59.03141
59.03519
59.037
59.0407
59.04563
59.05231
59.05428
59.05886
59.06039
59.0837
59.08883
59.0914
59.09376
59.09809
59.09822
59.09901
59.09962
59.0997
59.10289
59.10329
59.10402
59.10551
59.10905
59.11308
59.12071
59.12409
59.12729
59.15121
59.15441
59.15867
59.16285
59.17529
59.17553
59.18994
59.1918
59.1938
59.19498
59.19643
59.20143
59.21356
59.22034
59.23152
59.23616
59.23729
59.26026
59.26186
59.26837
59.28862
59.29337
59.30141
59.30906
59.3131
59.32647
59.33972
59.34327
59.35716
59.36273
59.36275
59.3646
59.36727
59.36911
59.37307
59.37328
59.37422
59.37438
59.39216
59.39407
59.39479
59.39828
59.40248
59.41003
59.41571
59.4191
59.42117
59.4263
59.43342
59.43361
59.4377
59.45012
59.45357
59.47386
59.47519
59.47837
59.4798
59.48007
59.48301
59.49209
59.5046
59.50618
59.50975
59.5229
59.53477
59.54646
59.54923
59.55789
59.56615
59.56891
59.57534
59.58316
59.59536
59.59549
59.59658
59.60122
59.60128
59.61031
59.61094
59.6219
59.62428
59.62619
59.62856
59.62955
59.63068
59.63406
59.65072
59.65737
59.66046
59.6643
59.67533
59.67954
59.68335
59.68422
59.6878
59.69254
59.69272
59.69723
59.69777
59.69968
59.70479
59.72235
59.72526
59.72565
59.72975
59.73199
59.73211
59.73384
59.73639
59.73997
59.74109
59.74543
59.74618
59.75025
59.7543
59.76525
59.77579
59.78391
59.78593
59.78868
59.79198
59.79249
59.79505
59.80109
59.80248
59.80515
59.80632
59.808
59.81795
59.82956
59.83278
59.84453
59.85156
59.85508
59.85692
59.86154
59.8806
59.89417
59.90178
59.90326
59.90339
59.90457
59.9093
59.91051
59.91306
59.91434
59.9368
59.94037
59.94616
59.94959
59.95058
59.95527
59.95699
59.96567
59.9757
59.97745
59.98108
59.98246
59.9868
59.99023
59.99402
60.00403
60.00622
60.00659
60.00786
60.01008
60.01466
60.01713
60.01974
60.02129
60.02687
60.0277
60.02812
60.03351
60.0371
60.03782
60.04473
60.04856
60.05335
60.05558
60.05778
60.05914
60.06349
60.07132
60.0722
60.07783
60.07941
60.10239
60.10582
60.10942
60.11121
60.11294
60.11513
60.12154
60.12319
60.13699
60.13832
60.14084
60.15058
60.15369
60.15527
60.16159
60.16802
60.16919
60.18577
60.18934
60.18964
60.20169
60.20888
60.21357
60.21531
60.21598
60.21786
60.22533
60.24262
60.24648
60.25565
60.25683
60.25987
60.26251
60.264
60.26432
60.26463
60.27002
60.27736
60.29387
60.29763
60.30348
60.30378
60.31333
60.31356
60.31821
60.31866
60.32131
60.33207
60.33299
60.33396
60.3356
60.34681
60.35487
60.36619
60.37143
60.37731
60.38702
60.3901
60.39409
60.39929
60.41095
60.41714
60.41862
60.42634
60.429
60.43367
60.44155
60.44552
60.44875
60.45205
60.45243
60.45514
60.45652
60.46353
60.47366
60.47658
60.48254
60.48673
60.4915
60.49241
60.49732
60.49991
60.51303
60.52148
60.52597
60.52635
60.52845
60.52895
60.53123
60.53636
60.53711
60.56579
60.56746
60.56968
60.5776
60.57773
60.57847
60.58227
60.583
60.58432
60.58973
60.59731
60.59829
60.59847
60.6063
60.60721
60.6099
60.61539
60.63865
60.65555
60.66363
60.6656
60.66579
60.66801
60.69474
60.6959
60.69619
60.70174
60.7041
60.70753
60.71013
60.71582
60.72589
60.72727
60.73303
60.73927
60.75077
60.75576
60.75656
60.7567
60.75716
60.76819
60.77846
60.78428
60.78457
60.79035
60.80421
60.80435
60.82169
60.82301
60.82347
60.82542
60.82714
60.83033
60.83303
60.84392
60.85932
60.8599
60.90065
60.90204
60.90232
60.90362
60.90448
60.91168
60.91562
60.92147
60.93492
60.94069
60.9442
60.94742
60.94826
60.95237
60.95694
60.95899
60.9623
60.9642
60.96473
60.99969
61.00768
61.01083
61.01352
61.01756
61.01914
61.0194
61.01964
61.02509
61.02517
61.03335
61.0409
61.04133
61.04721
61.05165
61.0591
61.09195
61.09334
61.10155
61.10987
61.11023
61.11142
61.12236
61.13353
61.13975
61.15252
61.16199
61.16421
61.17917
61.19743
61.19942
61.21209
61.21989
61.22655
61.23711
61.24731
61.26033
61.26763
61.27399
61.29638
61.29866
61.30276
61.31036
61.31159
61.32119
61.32247
61.3359
61.35495
61.36209
61.36892
61.37327
61.37838
61.38723
61.4004
61.40247
61.40936
61.41854
61.43383
61.43586
61.44083
61.44313
61.4636
61.46961
61.47376
61.48033
61.48282
61.49431
61.49705
61.51407
61.51595
61.51749
61.51835
61.52788
61.52904
61.53939
61.56508
61.5658
61.59612
61.59821
61.60363
61.60397
61.61634
61.62757
61.63198
61.64415
61.65665
61.67168
61.68387
61.68642
61.68895
61.69414
61.69727
61.70297
61.72432
61.73766
61.76528
61.7724
61.77869
61.80772
61.81398
61.81641
61.81737
61.83444
61.84516
61.86403
61.89097
61.90353
61.92862
61.95702
61.97365
61.97519
61.99261
62.00645
62.01213
62.02275
62.03828
62.05308
62.07275
62.07747
62.08827
62.11864
62.12032
62.14134
62.14419
62.14677
62.16336
62.1671
62.17193
62.17378
62.17624
62.18999
62.193
62.21803
62.23016
62.23995
62.28588
62.31664
62.32255
62.32865
62.33707
62.36223
62.40301
62.4292
62.43363
62.44197
62.44238
62.44518
62.46717
62.47534
62.50195
62.50543
62.5127
62.51564
62.54415
62.55504
62.61376
62.61568
62.62406
62.63933
62.6419
62.65377
62.69685
62.7251
62.74506
62.76244
62.78611
62.83083
62.85149
62.85389
62.87484
62.89169
62.96472
62.98053
63.00142
63.00925
63.01191
63.05167
63.07252
63.10262
63.10517
63.12659
63.15791
63.19899
63.19935
63.2096
63.21852
63.22341
63.22367
63.22669
63.22963
63.24847
63.26009
63.27784
63.28409
63.28812
63.30851
63.30858
63.33245
63.3501
63.35024
63.37326
63.37374
63.37729
63.38915
63.3983
63.41473
63.42041
63.43349
63.43564
63.46421
63.46885
63.4721
63.4743
63.47851
63.48405
63.48464
63.51122
63.53599
63.57302
63.57347
63.59521
63.61118
63.61566
63.62586
63.64052
63.65148
63.66619
63.69214
63.70679
63.72155
63.72946
63.73018
63.73544
63.7397
63.76885
63.78805
63.79015
63.7991
63.8086
63.81693
63.81926
63.84758
63.86101
63.87076
63.89008
63.8934
63.91149
63.92492
63.93186
63.93435
63.93993
63.94169
63.94871
63.96471
63.9683
63.98101
63.99478
64.02189
64.02351
64.02597
64.04704
64.05379
64.05498
64.05793
64.0604
64.07062
64.07889
64.0826
64.10027
64.12197
64.14219
64.14557
64.14716
64.14926
64.15154
64.1528
64.15724
64.16246
64.17489
64.1834
64.18392
64.18709
64.19542
64.20315
64.22396
64.22493
64.23045
64.2684
64.29376
64.29472
64.32641
64.3418
64.35583
64.36085
64.37887
64.40199
64.41228
64.41365
64.42114
64.42739
64.43375
64.46401
64.47395
64.48038
64.50123
64.5215
64.52529
64.53778
64.54405
64.5506
64.57882
64.59061
64.59412
64.60455
64.60731
64.61906
64.62479
64.62734
64.64753
64.65444
64.65713
64.6643
64.67245
64.67747
64.68609
64.69668
64.70415
64.71995
64.73353
64.73735
64.74451
64.75169
64.75277
64.75342
64.75643
64.76009
64.77117
64.78154
64.78476
64.78554
64.8171
64.84559
64.85009
64.8642
64.86436
64.86907
64.87371
64.87534
64.87536
64.87907
64.88333
64.88911
64.88914
64.9118
64.91368
64.92342
64.93893
64.9418
64.94193
64.94338
64.94407
64.98014
64.98411
64.9854
64.99673
65.0023
65.00529
65.00951
65.01247
65.01383
65.02921
65.05182
65.05543
65.07029
65.07079
65.07107
65.08975
65.09172
65.09223
65.11428
65.12392
65.12851
65.13479
65.13703
65.13925
65.14296
65.14392
65.15521
65.15523
65.15998
65.19349
65.24725
65.25057
65.25147
65.27496
65.31251
65.31423
65.31643
65.3167
65.32284
65.32617
65.33935
65.34179
65.34853
65.35469
65.35914
65.38878
65.40113
65.4062
65.41371
65.42357
65.47498
65.4819
65.4825
65.49751
65.55856
65.5627
65.56967
65.59046
65.6111
65.63691
65.6499
65.66607
65.66933
65.68895
65.70373
65.72406
65.73003
65.73944
65.75155
65.75162
65.75475
65.78307
65.78336
65.79056
65.79305
65.79413
65.79481
65.80149
65.80321
65.8085
65.83154
65.83362
65.85263
65.85516
65.85752
65.87064
65.87268
65.87793
65.8785
65.88496
65.90951
65.91117
65.91944
65.93126
65.93446
65.94904
65.96778
65.97993
66.00133
66.01682
66.05261
66.05998
66.06141
66.06146
66.0698
66.09154
66.10708
66.10737
66.14371
66.14975
66.1552
66.16064
66.16611
66.17205
66.20948
66.24224
66.24255
66.26735
66.27024
66.31097
66.32053
66.32064
66.33595
66.35211
66.35999
66.36441
66.38243
66.41523
66.42551
66.4327
66.44202
66.45479
66.45527
66.48043
66.50007
66.50361
66.51992
66.54271
66.54697
66.56784
66.56933
66.57204
66.58763
66.58948
66.60492
66.60616
66.65744
66.68436
66.69229
66.69962
66.70151
66.77422
66.82448
66.8557
66.86509
66.86773
66.87503
66.88427
66.89998
66.90022
67.01969
67.0311
67.04607
67.08969
67.13543
67.19734
67.22091
67.23879
67.25847
67.29503
67.31095
67.39802
67.45524
67.46167
67.55043
67.6131
67.64479
67.72247
67.80353
67.92463
68.00927
68.05596
68.2126
68.26213
68.39962
68.49946
68.64543
70.90016
